-0.06135270372033119
-0.03376977890729904
0.06501152366399765
-0.03841928020119667
0.023637209087610245
0.03795609250664711
-0.004930762108415365
-0.09103812277317047
-0.0019636850338429213
0.030763452872633934
-0.004269270226359367
0.1740996539592743
0.04611668363213539
-0.03603137284517288
0.07233098149299622
-0.04444301128387451
-0.006864544935524464
-0.008870990946888924
0.10752487927675247
-0.08257786184549332
-0.024162868037819862
-0.03640517219901085
0.12039761990308762
0.11879625171422958
0.03252965211868286
0.1558675318956375
-0.05087709054350853
-0.029941830784082413
-0.24031378328800201
0.08607802540063858
-0.013286808505654335
-0.002138379029929638
-0.12613946199417114
0.0626089870929718
-0.017580807209014893
-0.11947669088840485
0.200770765542984
0.02097322605550289
-0.07663380354642868
-0.13265179097652435
-0.0631074383854866
0.1459721326828003
-0.040902674198150635
0.08146506547927856
0.13995379209518433
-0.057591717690229416
0.02153218910098076
0.06808474659919739
-0.015148553997278214
-0.09035118669271469
-0.0139422956854105
-0.048229094594717026
-0.09441271424293518
0.10936377197504044
-0.13289746642112732
-0.1662953495979309
0.01985553838312626
0.10562337189912796
0.02887055091559887
-0.08652616292238235
0.14164331555366516
-0.09209973365068436
-0.025428462773561478
0.015641214326024055
-0.03327666223049164
0.04901806265115738
-0.049339860677719116
-0.0811057835817337
-0.26178833842277527
0.058121878653764725
0.1682794690132141
-0.07898881286382675
-0.10968035459518433
0.025265006348490715
-0.040463946759700775
-0.017794061452150345
0.08984192460775375
-0.10304540395736694
-0.1637904942035675
-0.16424784064292908
-0.10633426904678345
-0.04280175641179085
0.08647660166025162
0.01224903017282486
0.09079960733652115
0.030794408172369003
0.020958296954631805
0.10843629390001297
0.009958751499652863
0.0016615636413916945
0.3004293739795685
-0.19198614358901978
0.10726818442344666
0.06432949006557465
-0.08063582330942154
-0.05483616143465042
0.12244770675897598
-0.025885434821248055
0.06420153379440308
0.09824749082326889
-0.09301993250846863
0.17773382365703583
-0.08417537808418274
-0.1550692766904831
-0.06484407186508179
0.14105813205242157
-0.04234214127063751
-0.08789242804050446
-0.1002737283706665
0.015265602618455887
-0.1869882345199585
-0.006304216105490923
-0.15682055056095123
-0.0731104165315628
-0.11502233147621155
-0.11235019564628601
-0.08240345865488052
0.024252332746982574
0.036077361553907394
0.09958093613386154
0.03599993884563446
-0.03233232721686363
-0.009515108540654182
0.053050339221954346
-0.048572201281785965
0.18554718792438507
0.03704012930393219
0.02340218611061573
-0.0848793163895607
-0.026898222044110298
-0.04417957738041878
0.04847492650151253
0.1150193065404892
0.01736600697040558
0.1480114609003067
-0.001953865634277463
-0.05585711821913719
0.1428770273923874
0.12940514087677002
-0.06632395833730698
0.0021818040404468775
-0.009757144376635551
0.023589657619595528
-0.0268348790705204
0.021635493263602257
0.06427039951086044
0.02928316779434681
-0.02404363639652729
-0.09119029343128204
0.05119457095861435
0.13695435225963593
-0.05753412842750549
-0.10938164591789246
-0.02008948288857937
0.08499138057231903
-0.05680648982524872
0.12113146483898163
-0.022978002205491066
0.08259709179401398
0.06602614372968674
-0.09330873191356659
0.007482888177037239
0.13380122184753418
-0.13027778267860413
0.24658839404582977
0.05957730486989021
0.005970800295472145
-0.06749013811349869
0.06902989745140076
0.13050225377082825
0.10034779459238052
0.017422419041395187
-0.17327356338500977
0.020281868055462837
-0.020326226949691772
-0.044956523925065994
-0.03918870911002159
0.03738165646791458
0.10452142357826233
0.06742888689041138
0.0618026964366436
-0.031891461461782455
-0.10867773741483688
-0.03626243770122528
-0.022276701405644417
0.012780859135091305
-0.040187738835811615
-0.06993287056684494
0.012402866967022419
0.2758757174015045
0.032848529517650604
0.050203047692775726
0.17300716042518616
-0.03173070400953293
-0.14548829197883606
-0.07329018414020538
0.04449141025543213
0.11481007188558578
-0.22571006417274475
-0.025799240916967392
-0.07828617095947266
0.24046331644058228
0.016857588663697243
-0.00439952639862895
-0.0944734662771225
0.09621792286634445
-0.05354400351643562
-0.002044549211859703
0.18813064694404602
-0.1162753626704216
0.174484521150589
-0.040514640510082245
0.1303112655878067
-0.21514104306697845
0.04671873152256012
0.042530350387096405
0.06136755645275116
-0.04614095762372017
-0.10684823989868164
-0.16121195256710052
-0.17011664807796478
0.0902685821056366
-0.026293456554412842
-0.07427121698856354
0.0014878100482746959
0.01271546445786953
0.02714042365550995
0.043661296367645264
-0.043602440506219864
-0.19520671665668488
0.10786709189414978
-0.043471869081258774
-0.10501420497894287
0.0656733363866806
-0.07044752687215805
-0.0774768739938736
0.05655564367771149
-0.11388229578733444
0.05802219361066818
0.007050670683383942
0.08734769374132156
0.11505722254514694
-0.0395565927028656
0.11529131233692169
-0.13400021195411682
-0.005126370117068291
-0.004892033990472555
-0.09460964798927307
0.05609823018312454
0.11852724850177765
-0.030181435868144035
0.012507966719567776
-0.031889658421278
-0.04880373924970627
0.03146657720208168
0.03662075474858284
0.1634061336517334
0.06362564861774445
0.15595105290412903
0.12628525495529175
-0.08735551685094833
0.02492801658809185
0.22228559851646423
-0.016595086082816124
-0.11903706192970276
0.07045853137969971
0.052244316786527634
-0.037881288677453995
-0.17488142848014832
0.13307549059391022
0.22512595355510712
-0.002988384570926428
-0.037809036672115326
0.0006520804017782211
0.07914994657039642
0.11638657748699188
0.06743057072162628
-0.10060755163431168
-0.03782122582197189
-0.18011662364006042
-0.007395731285214424
-0.17321258783340454
0.02548867277801037
-0.1451999545097351
0.08724606782197952
-0.1873326599597931
0.04303602874279022
0.015996186062693596
-0.08814612030982971
0.050433363765478134
-0.10840575397014618
-0.028017167001962662
-0.11839286237955093
0.15637241303920746
0.08307340741157532
-0.1258055716753006
0.02100401185452938
0.11963632702827454
0.0561174713075161
-0.0070538208819925785
0.24865937232971191
0.1581772416830063
-0.07164103537797928
0.07002059370279312
0.20579949021339417
0.051508497446775436
-0.07799053192138672
-0.0013857455924153328
-0.043697286397218704
-0.0006803747965022922
-0.13399097323417664
0.012752281501889229
-0.06015598401427269
-0.08631826192140579
0.10879054665565491
-0.013805940747261047
-0.02118024416267872
-0.1519068479537964
0.08227245509624481
-0.09546452015638351
-0.02506784163415432
-0.1229025274515152
-0.05267743393778801
0.08836492151021957
-0.06770085543394089
-0.062036000192165375
-0.023346250876784325
0.14709104597568512
0.10208012908697128
0.11845070123672485
0.11996454745531082
0.007225450128316879
-0.11768577992916107
0.08928167819976807
0.22763019800186157
0.07122781127691269
0.0021137306466698647
-0.07601987570524216
-0.05130240321159363
0.017242606729269028
0.11983900517225266
-0.014714808203279972
-0.04598744586110115
-0.035338398069143295
-0.15310946106910706
-0.005955534055829048
0.12304960936307907
0.09771787375211716
-0.01806154102087021
0.03632473200559616
0.016787881031632423
0.08267232030630112
0.06427931785583496
0.0258190780878067
0.02598264254629612
0.019749466329813004
-0.0019477749010547996
-0.1572834700345993
0.010508210398256779
-0.07924869656562805
0.09929855912923813
-0.00770030589774251
0.027819396927952766
-0.014625188894569874
0.03519902750849724
0.05858125537633896
-0.15628190338611603
-0.02045377716422081
0.027269767597317696
-0.003995711449533701
-0.03958165645599365
-0.16656875610351562
-0.1404108852148056
-0.006184001918882132
0.03245995566248894
0.11081674695014954
-0.19487038254737854
0.15465624630451202
-0.09206097573041916
0.1346445381641388
0.024023134261369705
0.015486469492316246
0.041898779571056366
-0.003839524695649743
-0.06596256047487259
-0.1898932158946991
0.010728673078119755
0.16734883189201355
-0.07152880728244781
0.08115044981241226
-0.1479404717683792
0.03101108781993389
0.03240866959095001
-0.05450138449668884
-0.05424967035651207
-0.06781085580587387
-0.014624986797571182
0.059709660708904266
-0.12093620002269745
0.013240925036370754
0.09465852379798889
0.009342619217932224
0.2043733447790146
-0.08845312893390656
-0.004814174957573414
0.15322047472000122
0.11955726891756058
0.030414290726184845
-0.0790686309337616
0.1493069976568222
-0.15415741503238678
0.03622753918170929
0.05318077281117439
-0.008030693978071213
0.043999042361974716
0.08043775707483292
0.08841381967067719
-0.07473017275333405
0.09222199767827988
0.08595822006464005
0.057811107486486435
0.0712520107626915
-0.10838036984205246
0.1515953242778778
0.10508791357278824
-0.006339825689792633
-0.054686855524778366
0.012991728261113167
0.2045339047908783
0.15874579548835754
0.0902053639292717
-0.11404513567686081
0.02504420094192028
-0.03956415876746178
0.0565863773226738
-0.061248794198036194
0.027862511575222015
0.06926602125167847
0.07229527086019516
-0.05154213681817055
0.11885030567646027
0.17454318702220917
0.05704796314239502
-0.0048840888775885105
-0.023063424974679947
0.1294400542974472
0.2005746066570282
-0.07173428684473038
0.13260988891124725
-0.11930084973573685
-0.04360757768154144
0.0429324172437191
-0.00046110429684631526
0.022403353825211525
0.020031927153468132
0.09409723430871964
-0.2255939096212387
0.04021025449037552
0.09046263247728348
0.14317980408668518
0.10120321065187454
0.060226790606975555
0.05696989595890045
0.10236918926239014
0.10596127808094025
0.14513643085956573
-0.20952089130878448
-0.014107797294855118
-0.11838870495557785
0.05187918618321419
-0.04018721729516983
0.002354690106585622
-0.029878772795200348
-0.1844305545091629
-0.06823097914457321
0.0451478436589241
-0.04819874092936516
-0.15063735842704773
0.10132011026144028
-0.0007314326940104365
0.06490126997232437
0.06398734450340271
0.132943257689476
-0.025078080594539642
0.18533582985401154
0.0394614152610302
0.07167275249958038
0.03795582428574562
0.018948759883642197
0.020055150613188744
0.1375752091407776
0.021660873666405678
-0.06977272778749466
-0.0202327910810709
-0.08420663326978683
0.244148850440979
-0.09629254788160324
-0.11304787546396255
0.08708173781633377
-0.06520669907331467
-0.1775006204843521
0.07020936161279678
0.025429027155041695
0.13742929697036743
-0.059030935168266296
0.03151446580886841
-0.04452957212924957
-0.08633162826299667
-0.11627653986215591
0.06419362127780914
0.09799685329198837
0.09716051071882248
0.055752962827682495
0.12087253481149673
0.018390003591775894
0.04516969621181488
-0.12381067126989365
0.043626025319099426
-0.0637257769703865
-0.0006710848538205028
-0.006580987013876438
0.03684324398636818
-0.00612674793228507
0.07989048957824707
-0.015406164340674877
-0.04007820412516594
-0.06636527925729752
-0.07195837050676346
-0.11373742669820786
-0.002640979830175638
-0.09225348383188248
0.021002236753702164
-0.14702479541301727
-0.0953969731926918
0.06831919401884079
-0.214161679148674
-0.013499780558049679
-0.07460583001375198
-0.11362721771001816
-0.04918016865849495
0.0005149347125552595
-0.06915253400802612
-0.16257831454277039
-0.0631936639547348
0.037470269948244095
-0.03251194581389427
0.02082577906548977
0.04959060996770859
0.009561215527355671
0.11784271150827408
-0.14266200363636017
-0.028589971363544464
-0.02155723236501217
0.09678293019533157
-0.055801186710596085
0.1270020306110382
-0.1085946336388588
-0.01185218058526516
0.07901551574468613
-0.28239843249320984
-0.0109475739300251
-0.10853882133960724
0.07361302524805069
0.12846791744232178
0.02329571545124054
0.04901200905442238
0.22769948840141296
-0.05018598213791847
0.02904476225376129
0.12333537638187408
-0.06046353653073311
-0.02890041097998619
0.002668855246156454
0.0976194441318512
0.11750655621290207
-0.012897888198494911
0.06816080957651138
-0.03412623330950737
0.09441463649272919
0.09300480782985687
-0.1276032030582428
-0.0240329522639513
0.04988374188542366
0.20352564752101898
-0.15330012142658234
0.03724495694041252
-0.06887941062450409
0.0834781676530838
0.14727382361888885
0.029217008501291275
0.06158435717225075
0.06437596678733826
0.0869700238108635
0.026809465140104294
0.1080583781003952
0.08268831670284271
0.041581351310014725
0.0026403632946312428
-0.011198327876627445
0.07011963427066803
-0.00222989683970809
-0.04063872992992401
-0.0031920948531478643
-0.013219913467764854
-0.024737881496548653
-0.01306986715644598
0.12338082492351532
-0.05184878781437874
0.013373462483286858
-0.06876187026500702
-0.04048354551196098
0.10443579405546188
0.043769288808107376
0.09385523945093155
0.06750468909740448
-0.1911768764257431
0.03077312745153904
0.06738820672035217
-0.05229886248707771
0.15049713850021362
-0.15659388899803162
0.046002667397260666
-0.013145982287824154
0.052795782685279846
0.12872058153152466
0.008728998713195324
0.01384512335062027
-0.020111138001084328
0.20199762284755707
0.19049929082393646
-0.010240587405860424
-0.002097796183079481
-0.04170350730419159
0.0476980097591877
0.011452749371528625
-0.07098384201526642
0.13250482082366943
-0.044892165809869766
0.11101432144641876
0.14197181165218353
0.11333887279033661
-0.1530900001525879
0.03812851756811142
-0.014126707799732685
0.16576175391674042
0.0764150619506836
-0.1099143996834755
-0.02605694718658924
-0.07566047459840775
0.02745167538523674
0.21338343620300293
0.011869377456605434
-0.020666999742388725
0.005844325292855501
0.04868564009666443
0.03905903548002243
-0.003586356993764639
0.06728328764438629
-0.06597475707530975
0.09162275493144989
-0.07757242769002914
0.02868654392659664
0.0991961881518364
0.026020798832178116
0.01530581247061491
-0.026980696246027946
-0.004835085477679968
-0.04841424524784088
0.06404995173215866
0.05403342470526695
-0.024757137522101402
-0.08783546835184097
-0.008819831535220146
0.0005579243297688663
-0.013627573847770691
0.10643026232719421
0.14555723965168
-0.024023577570915222
-0.08878856897354126
-0.0383569672703743
0.06849173456430435
-0.01374076772481203
-0.006612963508814573
-0.16945937275886536
-0.09396809339523315
0.027550172060728073
-0.08787181228399277
0.03900999203324318
0.04820805415511131
-0.09608102589845657
-0.08786820620298386
0.025965522974729538
-0.061930764466524124
0.023140642791986465
0.08715193718671799
-0.003179329913109541
-0.04060746356844902
0.08599768579006195
0.04938693344593048
0.00010261242277920246
0.007900749333202839
-0.09456919133663177
0.1854572743177414
-0.042592186480760574
-0.010397429578006268
0.0719464123249054
0.013731244951486588
0.00498991971835494
-0.027515077963471413
-0.0374697707593441
-0.0365956611931324
0.04862448200583458
-0.009237179532647133
-0.16924849152565002
-0.07148195803165436
0.03048124723136425
-0.03132738173007965
0.13329574465751648
-0.11418895423412323
0.022192923352122307
-0.04978363588452339
0.05820523947477341
0.11558685451745987
0.062288593500852585
-0.11043252050876617
0.06769521534442902
0.004896638914942741
-0.0050489106215536594
0.051309749484062195
-0.06212398409843445
0.04698877036571503
-0.012679170817136765
0.039986949414014816
0.05539402738213539
0.13029375672340393
0.06220667436718941
-0.14761513471603394
-0.10218729823827744
0.028447339311242104
0.1909584105014801
-0.09308508038520813
-0.0030954726971685886
-0.06389034539461136
-0.11467168480157852
0.04013063386082649
0.02424059435725212
0.019141891971230507
0.0948805958032608
0.008081398904323578
-0.10426825284957886
0.015378443524241447
-0.14248286187648773
0.00184977101162076
-0.054105110466480255
-0.22816891968250275
0.016067547723650932
0.10897736996412277
-0.057549964636564255
-0.05046982690691948
-0.1378108561038971
-0.011127058416604996
-0.013264684937894344
-0.2288874238729477
-0.00036369074950926006
0.13926587998867035
-0.011714393272995949
0.0398390032351017
-0.009118800982832909
