-0.05477830395102501
-0.04238669574260712
0.05255903676152229
-0.04495929926633835
0.02198697067797184
0.03962249308824539
0.00142726581543684
-0.09428971260786057
-0.0071431915275752544
0.0343574583530426
0.0018070501973852515
0.1640828400850296
0.05693039670586586
-0.03558709844946861
0.0797392949461937
-0.051369085907936096
-0.004981981124728918
-0.0041062794625759125
0.11494798213243484
-0.09073445200920105
-0.013799560256302357
-0.03972753509879112
0.13524025678634644
0.12931498885154724
0.03627363592386246
0.15421727299690247
-0.048856813460588455
-0.04211266711354256
-0.24489082396030426
0.08636735379695892
-0.011365225538611412
0.0028131799772381783
-0.12381121516227722
0.056701045483350754
-0.014945182017982006
-0.12070154398679733
0.19520583748817444
0.015312694013118744
-0.07095973193645477
-0.12065283954143524
-0.0628504604101181
0.1323602795600891
-0.045958854258060455
0.07294486463069916
0.1356964409351349
-0.052218884229660034
0.013685106299817562
0.05689612776041031
-0.003416813677176833
-0.07649754732847214
-0.01312199980020523
-0.04966246336698532
-0.106229767203331
0.10874276608228683
-0.14474323391914368
-0.15706346929073334
0.017677806317806244
0.09299241751432419
0.013434916734695435
-0.0882454514503479
0.16558359563350677
-0.09824370592832565
-0.023182138800621033
0.007540365215390921
-0.03207419812679291
0.03765711933374405
-0.055740706622600555
-0.07733254879713058
-0.2672332525253296
0.04946266859769821
0.16235820949077606
-0.08869235217571259
-0.12646161019802094
0.0236082524061203
-0.03678449988365173
-0.00820903293788433
0.08443127572536469
-0.10589882731437683
-0.1746722161769867
-0.17238648235797882
-0.11362210661172867
-0.05275518074631691
0.10664472728967667
0.016674000769853592
0.0906524583697319
0.04176750034093857
0.013948556035757065
0.11253179609775543
3.0899653211236e-05
-0.012903418391942978
0.30323901772499084
-0.1889900267124176
0.11756286770105362
0.06454014778137207
-0.0810348391532898
-0.0457114651799202
0.12665286660194397
-0.034633319824934006
0.061715565621852875
0.11021773517131805
-0.09235092997550964
0.16902944445610046
-0.07540442794561386
-0.15634116530418396
-0.057513780891895294
0.14776676893234253
-0.03818678855895996
-0.067454993724823
-0.10596019774675369
0.016853073611855507
-0.18124081194400787
0.0072179860435426235
-0.15092694759368896
-0.06118195131421089
-0.10110525041818619
-0.11982404440641403
-0.07596922665834427
0.011751174926757812
0.03416366130113602
0.09624378383159637
0.04328550770878792
-0.038571324199438095
-0.008754386566579342
0.052701424807310104
-0.060304027050733566
0.1767560839653015
0.033358361572027206
0.01505358051508665
-0.08924058824777603
-0.03767459839582443
-0.028930064290761948
0.04962063208222389
0.11554865539073944
-0.007488565053790808
0.13475173711776733
-0.01631915755569935
-0.0661027729511261
0.1439880132675171
0.11409026384353638
-0.056710027158260345
0.0031476968433707952
-0.012546578422188759
0.00896474439650774
-0.015977982431650162
0.02907623164355755
0.07492457330226898
0.02069324627518654
-0.014759982004761696
-0.09806419909000397
0.048070136457681656
0.13315069675445557
-0.06770124286413193
-0.10387613624334335
-0.02641655132174492
0.09501340985298157
-0.06882309913635254
0.12311875075101852
-0.01983410306274891
0.08541352301836014
0.056229595094919205
-0.1050594300031662
0.015180345624685287
0.12923571467399597
-0.1364288479089737
0.2490992695093155
0.06500405073165894
0.006697556469589472
-0.07698610424995422
0.056573618203401566
0.1348446160554886
0.10461973398923874
0.016805993393063545
-0.17567254602909088
0.00511106476187706
0.0001054760068655014
-0.049464743584394455
-0.04163454473018646
0.02959935925900936
0.10940723866224289
0.06545484066009521
0.05860411375761032
-0.03791787102818489
-0.10299333184957504
-0.042616136372089386
-0.025597473606467247
0.018893325701355934
-0.025476567447185516
-0.06849226355552673
0.02335505187511444
0.2737032175064087
0.04939248412847519
0.056718286126852036
0.17861954867839813
-0.0387839637696743
-0.1533488631248474
-0.057405535131692886
0.02994510717689991
0.1170651987195015
-0.22190384566783905
-0.027500372380018234
-0.08956841379404068
0.24220477044582367
0.014866655692458153
0.019219083711504936
-0.09486909955739975
0.09296143054962158
-0.04426252841949463
0.0027825578581541777
0.19079384207725525
-0.11693575233221054
0.18721650540828705
-0.04011305049061775
0.11552916467189789
-0.23131804168224335
0.05045569688081741
0.04853561520576477
0.043487053364515305
-0.04645669832825661
-0.101595439016819
-0.15660735964775085
-0.18808603286743164
0.08448433130979538
-0.02414167858660221
-0.07118809223175049
0.011464978568255901
0.015992218628525734
0.031503766775131226
0.043598391115665436
-0.04624122753739357
-0.20772354304790497
0.11341678351163864
-0.02825556881725788
-0.09309328347444534
0.07211565226316452
-0.0752592608332634
-0.07106684893369675
0.06204861402511597
-0.1123368963599205
0.05833503231406212
0.0022168015129864216
0.0962325856089592
0.10996079444885254
-0.02676483988761902
0.10981407016515732
-0.1302708238363266
-0.007476267870515585
0.007829809561371803
-0.09756512939929962
0.07704706490039825
0.12953823804855347
-0.02223547361791134
-0.0009625488310121
-0.03602287918329239
-0.053845539689064026
0.04276297986507416
0.03508282080292702
0.16561397910118103
0.05938667058944702
0.1435372531414032
0.12185634672641754
-0.09280001372098923
0.0440862737596035
0.2337171733379364
-0.01954520307481289
-0.12199833989143372
0.06508316844701767
0.050165850669145584
-0.038828566670417786
-0.15979774296283722
0.13189570605754852
0.2134345918893814
-0.003541572019457817
-0.041298992931842804
-0.011982792988419533
0.09024764597415924
0.1323891431093216
0.07034581899642944
-0.09361821413040161
-0.03875407949090004
-0.18368874490261078
-0.01912272721529007
-0.17524868249893188
0.017376776784658432
-0.13937191665172577
0.0958920419216156
-0.1859527826309204
0.025256551802158356
0.02114194817841053
-0.0928424596786499
0.05960414558649063
-0.09915973246097565
-0.01621437259018421
-0.12549470365047455
0.1518963873386383
0.09061034023761749
-0.13460752367973328
0.00916143599897623
0.11208073794841766
0.038125891238451004
-0.02165043167769909
0.2619919776916504
0.17426447570323944
-0.06776681542396545
0.06249682232737541
0.1920776665210724
0.056240689009428024
-0.0848543718457222
0.0028641631361097097
-0.03221072629094124
0.003256160533055663
-0.1206762045621872
0.012518001720309258
-0.054740067571401596
-0.10794100910425186
0.0981425940990448
-0.004598130472004414
-0.009095625951886177
-0.14810262620449066
0.08562174439430237
-0.1089087650179863
-0.03996521607041359
-0.13589537143707275
-0.04928997904062271
0.10121181607246399
-0.06979958713054657
-0.05979933217167854
-0.01910831406712532
0.13956661522388458
0.10736658424139023
0.12054289132356644
0.12677471339702606
0.01623060554265976
-0.11063491553068161
0.09135829657316208
0.23749175667762756
0.05506714805960655
-0.013941032811999321
-0.058924976736307144
-0.061998412013053894
0.02373305894434452
0.11647609621286392
-0.025312254205346107
-0.04902365058660507
-0.012185662984848022
-0.15733084082603455
-0.00846913643181324
0.1277051717042923
0.08615581691265106
-0.032432977110147476
0.037097133696079254
0.010946633294224739
0.0701478123664856
0.06676830351352692
0.03194032609462738
0.0181014072149992
0.02161199040710926
-0.006008204072713852
-0.1626652032136917
0.02703131176531315
-0.09147348254919052
0.0894152894616127
0.005192043259739876
0.033189691603183746
-0.013557447120547295
0.05327502265572548
0.06259270012378693
-0.16981224715709686
-0.01540839672088623
0.025029079988598824
-0.00047567588626407087
-0.03883857652544975
-0.16862919926643372
-0.14331309497356415
-0.0008222309988923371
0.02639872021973133
0.10137596726417542
-0.18526673316955566
0.14749076962471008
-0.09199406206607819
0.14753060042858124
0.015008055604994297
0.02318388782441616
0.06131695955991745
-0.00047966555575840175
-0.06296698749065399
-0.1933658868074417
0.02341393195092678
0.17350929975509644
-0.08512271195650101
0.0796680897474289
-0.14369432628154755
0.032744571566581726
0.02877810224890709
-0.044333331286907196
-0.04145391657948494
-0.05685151368379593
-0.006277554202824831
0.06382560729980469
-0.11431372910737991
0.019786803051829338
0.09070222824811935
0.011959493160247803
0.21629564464092255
-0.0837426483631134
0.00018305424600839615
0.15023434162139893
0.11206187307834625
0.04037953540682793
-0.06679153442382812
0.15276096761226654
-0.15973152220249176
0.030076542869210243
0.04466690123081207
-0.004313705954700708
0.03746137395501137
0.07571159303188324
0.0813203677535057
-0.0748196691274643
0.11474478989839554
0.0778956487774849
0.053604256361722946
0.0488700233399868
-0.1085674911737442
0.15712600946426392
0.11223095655441284
0.00600214721634984
-0.05866408348083496
0.014926441945135593
0.20336730778217316
0.1620570570230484
0.07024769484996796
-0.12414571642875671
0.04889864847064018
-0.03321963548660278
0.04267989844083786
-0.07132759690284729
0.02960716001689434
0.05489349365234375
0.07788443565368652
-0.04614149406552315
0.12038031220436096
0.1489454209804535
0.06964123994112015
-0.011433622799813747
-0.03045908734202385
0.12325534224510193
0.20628422498703003
-0.07108721137046814
0.13685376942157745
-0.10585776716470718
-0.055529724806547165
0.046673908829689026
-0.0008673060219734907
0.028541529551148415
0.02165141887962818
0.0913148820400238
-0.21846380829811096
0.04081130027770996
0.07093697786331177
0.13844318687915802
0.09936897456645966
0.06246494501829147
0.053049009293317795
0.10519671440124512
0.10698573291301727
0.1635543704032898
-0.19430917501449585
-0.001069710124284029
-0.11531903594732285
0.052940454334020615
-0.045159921050071716
0.009494328871369362
-0.024039840325713158
-0.19428777694702148
-0.06337124109268188
0.039424654096364975
-0.03831498697400093
-0.14530529081821442
0.11404190957546234
-0.006703600287437439
0.07007799297571182
0.07311887294054031
0.1369144767522812
-0.01832396164536476
0.1810046136379242
0.035152632743120193
0.055216945707798004
0.02704225853085518
0.021025044843554497
0.008493331260979176
0.13661420345306396
0.026515142992138863
-0.08025321364402771
-0.023239338770508766
-0.09027890861034393
0.258181631565094
-0.09454026818275452
-0.10390276461839676
0.0859096497297287
-0.07105133682489395
-0.17972734570503235
0.06422476470470428
0.019388489425182343
0.14631879329681396
-0.06802403926849365
0.04519452527165413
-0.043589334934949875
-0.0802198201417923
-0.12855477631092072
0.058162838220596313
0.0992424413561821
0.10756780207157135
0.047783296555280685
0.12109273672103882
0.021267378702759743
0.04534279927611351
-0.10786166787147522
0.04402974620461464
-0.05984927713871002
0.005574422888457775
-0.014902259223163128
0.03672335669398308
-0.012031310237944126
0.07655508816242218
-0.006818243768066168
-0.03853742405772209
-0.07628785818815231
-0.06839405000209808
-0.1213063895702362
-0.010942899622023106
-0.07607123255729675
0.03704781457781792
-0.14855383336544037
-0.08977047353982925
0.08267399668693542
-0.2259780317544937
-0.0167528185993433
-0.06795768439769745
-0.11182913184165955
-0.04723341390490532
-0.017895158380270004
-0.052521079778671265
-0.1593102067708969
-0.0744638741016388
0.027109287679195404
-0.030503222718834877
0.013874761760234833
0.04896076023578644
0.00030281010549515486
0.1192607581615448
-0.14594358205795288
-0.02181396447122097
-0.0207853764295578
0.08425746113061905
-0.05742618069052696
0.12721435725688934
-0.11123417317867279
-0.0008987148758023977
0.09137171506881714
-0.2854937016963959
-0.023950351402163506
-0.1099003329873085
0.07846555858850479
0.12270180881023407
0.02023395523428917
0.0447443351149559
0.21098367869853973
-0.05624527484178543
0.0470271110534668
0.12622259557247162
-0.06391776353120804
-0.027770886197686195
-0.002943400526419282
0.09763633459806442
0.12575748562812805
-0.01035178080201149
0.08088672161102295
-0.047327131032943726
0.08477123081684113
0.08007851988077164
-0.11907470226287842
-0.03806554526090622
0.043008048087358475
0.20238128304481506
-0.14188916981220245
0.01920778863132
-0.07141606509685516
0.08552301675081253
0.14100028574466705
0.02368868887424469
0.06175001338124275
0.061279598623514175
0.08584772050380707
0.019081689417362213
0.0969846323132515
0.07988952100276947
0.03493813797831535
-0.013774371705949306
-0.025572968646883965
0.07192356139421463
-0.0011878693476319313
-0.02851197123527527
-0.011075991205871105
-0.011569972150027752
-0.017287876456975937
-0.023810338228940964
0.12500527501106262
-0.05303620547056198
0.01613490656018257
-0.06723154336214066
-0.02721731923520565
0.09514462947845459
0.052430134266614914
0.1016060933470726
0.05889836326241493
-0.21741022169589996
0.04298911616206169
0.058184701949357986
-0.0360075980424881
0.160495325922966
-0.1583043485879898
0.049059927463531494
-0.00807737372815609
0.053579092025756836
0.1291985809803009
0.017994962632656097
0.0218745656311512
-0.009499888867139816
0.20207838714122772
0.20347806811332703
-0.03540300950407982
-0.021166911348700523
-0.04291464015841484
0.04620080068707466
0.0054315500892698765
-0.06379441916942596
0.12472977489233017
-0.039766304194927216
0.09985359013080597
0.13793110847473145
0.11431767046451569
-0.15969447791576385
0.03630885109305382
-0.004045336972922087
0.1561666876077652
0.0693739727139473
-0.11195319890975952
-0.026460060849785805
-0.07733680307865143
0.0243698600679636
0.20939640700817108
0.004770162981003523
-0.03166086971759796
0.005381715949624777
0.050206441432237625
0.03461594507098198
-0.009342685341835022
0.05808322876691818
-0.051213398575782776
0.10011490434408188
-0.06643381714820862
0.035263702273368835
0.10536645352840424
0.04052986577153206
0.02278040163218975
-0.019490493461489677
-0.009478186257183552
-0.04601670056581497
0.06416866928339005
0.056893445551395416
-0.02703995816409588
-0.08797821402549744
-0.015096932649612427
-0.014350248500704765
-0.023683568462729454
0.11614055931568146
0.13795170187950134
-0.022737249732017517
-0.09150531142950058
-0.032895177602767944
0.0723240077495575
-0.009923439472913742
0.005924954544752836
-0.175243079662323
-0.09934263676404953
0.03118109703063965
-0.08730293065309525
0.04812255874276161
0.04543658718466759
-0.08695685118436813
-0.08899274468421936
0.024888209998607635
-0.07623010873794556
0.02223355509340763
0.09991228580474854
0.0006824972806498408
-0.03900738060474396
0.08291468024253845
0.053282205015420914
-0.01633242517709732
0.0023564521688967943
-0.0949450135231018
0.17742964625358582
-0.040521636605262756
-0.01735665090382099
0.07840582728385925
0.010107433423399925
0.0011475146748125553
-0.030747713521122932
-0.04020104929804802
-0.022724902257323265
0.054203107953071594
-0.023794883862137794
-0.16351601481437683
-0.061783719807863235
0.021717090159654617
-0.04624158516526222
0.11718860268592834
-0.10841614007949829
0.046009283512830734
-0.055204350501298904
0.0700191855430603
0.10459298640489578
0.06130131706595421
-0.10425499826669693
0.05881364643573761
0.01921669952571392
-0.004732018336653709
0.04213659465312958
-0.055300649255514145
0.05085282772779465
-0.02098982222378254
0.02906813845038414
0.053188759833574295
0.1355937123298645
0.05710366368293762
-0.1533624678850174
-0.11357046663761139
0.014603394083678722
0.1741614192724228
-0.07947010546922684
0.0052619799971580505
-0.05177726596593857
-0.12219413369894028
0.039908621460199356
0.017011377960443497
0.0012446173932403326
0.09141509234905243
0.020331908017396927
-0.09080740064382553
0.0019853936973959208
-0.14912335574626923
0.005424377508461475
-0.0443158894777298
-0.22874578833580017
0.003262209240347147
0.0960741937160492
-0.05211273953318596
-0.0535319484770298
-0.13268418610095978
-0.02907753922045231
-0.023561321198940277
-0.21979698538780212
-0.009319085627794266
0.1297818273305893
-0.01554414164274931
0.028096146881580353
-0.004049281124025583
