-0.06461504846811295
-0.04902190715074539
0.04347001388669014
-0.054721444845199585
0.03377186134457588
0.03779882565140724
0.018052736297249794
-0.0795159786939621
-0.009357784874737263
0.05052666366100311
-0.008391392417252064
0.16258303821086884
0.04411320015788078
-0.029558666050434113
0.08644746989011765
-0.05005297437310219
-0.012056644074618816
-0.0072264960035681725
0.10258202254772186
-0.08813513815402985
-0.00418683560565114
-0.054329752922058105
0.15227633714675903
0.12667177617549896
0.044109322130680084
0.15379785001277924
-0.06588663160800934
-0.019117938354611397
-0.2436051070690155
0.08323709666728973
0.0024349417071789503
-0.002971644513309002
-0.11381406337022781
0.062082964926958084
-0.013534991070628166
-0.11321265250444412
0.1997203677892685
0.014748909510672092
-0.04672309756278992
-0.10409918427467346
-0.05106606334447861
0.13700070977210999
-0.06103773042559624
0.07151380926370621
0.12528523802757263
-0.04909946396946907
0.024961067363619804
0.04918873682618141
0.026738667860627174
-0.08538273721933365
-0.02498370036482811
-0.06125229597091675
-0.11423177272081375
0.0986446738243103
-0.14188750088214874
-0.15331412851810455
0.00707846786826849
0.08300385624170303
0.02127615548670292
-0.10591525584459305
0.168192520737648
-0.10439789295196533
-0.01176391076296568
0.013185380958020687
-0.02848835103213787
0.051560208201408386
-0.048693858087062836
-0.07492432743310928
-0.27936431765556335
0.046004876494407654
0.15053807199001312
-0.08072031289339066
-0.12710733711719513
0.011011775583028793
-0.03993214666843414
-0.009327438659965992
0.0842301994562149
-0.11738935858011246
-0.18188069760799408
-0.16325277090072632
-0.11429590731859207
-0.04894355311989784
0.11193341761827469
0.02708517201244831
0.07925279438495636
0.04029962420463562
0.013840987347066402
0.11396174877882004
-0.0021696106996387243
-0.015056236647069454
0.2953786849975586
-0.18216410279273987
0.13641534745693207
0.06006591022014618
-0.06549467146396637
-0.0342794731259346
0.13825051486492157
-0.031808964908123016
0.07507728785276413
0.11174498498439789
-0.07987265288829803
0.1877850890159607
-0.09091675281524658
-0.15438246726989746
-0.07437459379434586
0.14545971155166626
-0.045064520090818405
-0.06441783159971237
-0.11563261598348618
0.01730230636894703
-0.18589890003204346
-0.009289403446018696
-0.1432565301656723
-0.07259766012430191
-0.08934102207422256
-0.12033547461032867
-0.06974827498197556
0.013695498928427696
0.037794943898916245
0.10999137908220291
0.05277333781123161
-0.03401455283164978
-0.011478760279715061
0.033138208091259
-0.054103124886751175
0.16737137734889984
0.04121968522667885
0.027297910302877426
-0.08118952810764313
-0.040744196623563766
-0.033794257789850235
0.05845385789871216
0.10128938406705856
-0.01225882675498724
0.12869442999362946
0.0011812852462753654
-0.057772502303123474
0.12573331594467163
0.09964751452207565
-0.057866740971803665
0.008911424316465855
-0.005941912531852722
0.007393225561827421
-0.02502937614917755
0.03090301714837551
0.06606727838516235
0.03231974318623543
-0.024178463965654373
-0.07760751992464066
0.035367392003536224
0.13269968330860138
-0.06702020764350891
-0.12196779996156693
-0.011246680282056332
0.09140369296073914
-0.06605079025030136
0.10438723117113113
-0.024034762755036354
0.08382613956928253
0.05902383103966713
-0.12422318756580353
0.00921444408595562
0.11355867981910706
-0.1360686719417572
0.2469923049211502
0.0862174779176712
0.0036589964292943478
-0.07705014944076538
0.06431126594543457
0.13406874239444733
0.11392096430063248
0.02432841993868351
-0.170295849442482
-0.008737761527299881
0.009733718819916248
-0.041706424206495285
-0.04157467558979988
0.03477751836180687
0.1097543016076088
0.061319850385189056
0.05996735394001007
-0.037300627678632736
-0.1148773804306984
-0.03674260154366493
-0.03707663342356682
0.020755784586071968
-0.03299186751246452
-0.058024127036333084
0.027704814448952675
0.2549409568309784
0.03393286466598511
0.06995583325624466
0.17053495347499847
-0.05343036353588104
-0.14657717943191528
-0.046152565628290176
0.03727494552731514
0.11916572600603104
-0.21034981310367584
-0.03591931238770485
-0.07839711755514145
0.25487786531448364
0.030704183503985405
0.01541394554078579
-0.09138672798871994
0.07695383578538895
-0.05741196870803833
0.00996958278119564
0.19047653675079346
-0.11159446835517883
0.1920497715473175
-0.034405045211315155
0.09839317947626114
-0.23231665790081024
0.02507660910487175
0.05835197493433952
0.03903387114405632
-0.037333108484745026
-0.11708854883909225
-0.14163851737976074
-0.1848578155040741
0.07508237659931183
-0.01705927774310112
-0.07047060132026672
0.002455140231177211
0.0077042304910719395
0.027722997590899467
0.05730322375893593
-0.041983820497989655
-0.2012963742017746
0.10282627493143082
-0.030615877360105515
-0.08189563453197479
0.0741085559129715
-0.07669010758399963
-0.06828615069389343
0.06658764183521271
-0.09729442745447159
0.057394351810216904
0.001392411533743143
0.079468734562397
0.10652564465999603
-0.019695142284035683
0.11779975146055222
-0.12644657492637634
-0.021306024864315987
0.0149323008954525
-0.10207078605890274
0.08355409651994705
0.13465365767478943
-0.0125748785212636
0.0012241144431754947
-0.019186442717909813
-0.044716838747262955
0.016664765775203705
0.023303186520934105
0.16152048110961914
0.07813697308301926
0.13903778791427612
0.1259695440530777
-0.08679389953613281
0.050196293741464615
0.22047661244869232
-0.024275818839669228
-0.10916963219642639
0.06277056038379669
0.058027900755405426
-0.015296786092221737
-0.172000914812088
0.12265205383300781
0.2131005972623825
-0.0020200423896312714
-0.0592506006360054
-0.003450630931183696
0.07658389955759048
0.13092240691184998
0.07500451058149338
-0.0921187624335289
-0.05687348544597626
-0.1899036169052124
-0.029681077226996422
-0.18095023930072784
0.03574420139193535
-0.1354963630437851
0.10430550575256348
-0.17546924948692322
0.024522865191102028
0.002647598972544074
-0.09005756676197052
0.06441881507635117
-0.08360155671834946
-0.03695068135857582
-0.12138976156711578
0.1618315875530243
0.08622770756483078
-0.12994784116744995
0.031100617721676826
0.12044207006692886
0.04283824563026428
-0.02326354756951332
0.25762930512428284
0.18248915672302246
-0.0843978002667427
0.0829126238822937
0.18911026418209076
0.055886950343847275
-0.07016116380691528
-0.013124036602675915
-0.03221695497632027
0.01152955461293459
-0.10294448584318161
0.012223098427057266
-0.03222665563225746
-0.11857232451438904
0.09788361936807632
-0.011572068557143211
-0.00017090607434511185
-0.14486315846443176
0.10020670294761658
-0.10470299422740936
-0.03001338243484497
-0.1431058943271637
-0.04325070232152939
0.11170963197946548
-0.0851517915725708
-0.053436413407325745
-0.026137640699744225
0.1356271356344223
0.09432537853717804
0.10407153517007828
0.12368758022785187
0.015000039711594582
-0.10982631891965866
0.09299410134553909
0.24554777145385742
0.05967456102371216
0.006900501903146505
-0.08589860796928406
-0.06145082786679268
0.02114437147974968
0.12740558385849
-0.004884140565991402
-0.049967631697654724
-0.019644873216748238
-0.16268290579319
-0.017117032781243324
0.13402150571346283
0.10898937284946442
-0.020704172551631927
0.029354965314269066
0.014914223924279213
0.05918655917048454
0.07447689771652222
0.018655288964509964
0.008277042768895626
0.02534024603664875
-0.007879945449531078
-0.1719827950000763
0.0263968612998724
-0.08883809298276901
0.09873931854963303
-0.009711484424769878
0.0415373332798481
-0.022813718765974045
0.03895103931427002
0.06927725672721863
-0.17858855426311493
-0.021067116409540176
0.03601515293121338
0.006609939504414797
-0.0315556637942791
-0.15648241341114044
-0.1357640027999878
-0.000615933386143297
0.04865211993455887
0.10573184490203857
-0.1912931650876999
0.15440739691257477
-0.09105532616376877
0.16009458899497986
0.0075325071811676025
0.028213661164045334
0.03143627569079399
-0.0053816912695765495
-0.0716487392783165
-0.20006118714809418
0.018455812707543373
0.16049784421920776
-0.09793618321418762
0.08897996693849564
-0.14212191104888916
0.015834596008062363
0.03271615877747536
-0.043090272694826126
-0.035876329988241196
-0.0376516692340374
-0.005197880323976278
0.061582326889038086
-0.12645478546619415
0.023496218025684357
0.09619886428117752
0.018808461725711823
0.21944975852966309
-0.10676337778568268
-0.01587362214922905
0.15557138621807098
0.11283993721008301
0.04265068098902702
-0.06378727406263351
0.15938061475753784
-0.14709873497486115
0.03250333294272423
0.03269173204898834
-0.005525161977857351
0.053842924535274506
0.07382425665855408
0.06616011261940002
-0.07987122237682343
0.11632530391216278
0.07996898889541626
0.051964230835437775
0.05876155570149422
-0.10498543828725815
0.15494975447654724
0.11281774193048477
0.03015548177063465
-0.04733739048242569
0.017924977466464043
0.20343846082687378
0.1556558609008789
0.06106166914105415
-0.1410732865333557
0.04354564845561981
-0.040991418063640594
0.04422389715909958
-0.05856208875775337
0.014222294092178345
0.058239247649908066
0.08002269268035889
-0.03557465597987175
0.12241846323013306
0.15360240638256073
0.07317569106817245
0.003989439457654953
-0.030756879597902298
0.1427278369665146
0.20222800970077515
-0.07600855827331543
0.11821268498897552
-0.12018338590860367
-0.0442812442779541
0.054496072232723236
-0.013294579461216927
0.04630493372678757
0.01963798701763153
0.09590890258550644
-0.21857526898384094
0.03369566425681114
0.06920123100280762
0.1394413709640503
0.07682497054338455
0.051399290561676025
0.06582479178905487
0.08995707333087921
0.12047500908374786
0.17744211852550507
-0.20075806975364685
0.007947448641061783
-0.11063224077224731
0.043958280235528946
-0.04634362831711769
0.006104717496782541
-0.03263023868203163
-0.17873769998550415
-0.041507892310619354
0.021007787436246872
-0.024098435416817665
-0.13066299259662628
0.10944276303052902
0.0036855069920420647
0.08891072124242783
0.08077041059732437
0.13423720002174377
-0.013630542904138565
0.1832554042339325
0.020881710574030876
0.060890745371580124
0.03204721957445145
0.006972096860408783
0.009318288415670395
0.12155910581350327
0.024143926799297333
-0.07318486273288727
-0.02443639375269413
-0.07826158404350281
0.2646310329437256
-0.08678183704614639
-0.08805346488952637
0.0962386205792427
-0.06530888378620148
-0.18695031106472015
0.05931362137198448
0.03182639181613922
0.15724709630012512
-0.047902073711156845
0.05102783069014549
-0.04393540695309639
-0.07397773861885071
-0.15012772381305695
0.06045972555875778
0.1207323893904686
0.12848743796348572
0.04142991080880165
0.11093868315219879
0.04055619239807129
0.029109297320246696
-0.11743104457855225
0.03429579734802246
-0.07678214460611343
0.004232215695083141
-0.027709582820534706
0.04208751022815704
-0.028785157948732376
0.08117392659187317
0.006372261792421341
-0.0288369320333004
-0.05966034531593323
-0.07518403232097626
-0.11770644038915634
-0.0032242571469396353
-0.0828675925731659
0.015608396381139755
-0.14938950538635254
-0.09887638688087463
0.08256698399782181
-0.22293822467327118
-0.0215899795293808
-0.05238208547234535
-0.10051921755075455
-0.03908810019493103
-0.01009136438369751
-0.05117970332503319
-0.14110606908798218
-0.08773478865623474
0.03516322001814842
-0.020756796002388
0.005497926380485296
0.06019565090537071
-0.004139497876167297
0.12449850142002106
-0.14179134368896484
-0.02477904222905636
-0.03377729281783104
0.08357928693294525
-0.054966699331998825
0.12160225957632065
-0.12751218676567078
-0.008853279054164886
0.08803431689739227
-0.2785108983516693
-0.015559513121843338
-0.09755653142929077
0.057959698140621185
0.12221051007509232
0.0016057533212006092
0.033726926892995834
0.2040686309337616
-0.05116089805960655
0.028481556102633476
0.1314881443977356
-0.044924527406692505
-0.030680906027555466
0.022948168218135834
0.06742800027132034
0.13041558861732483
-0.036455750465393066
0.07676350325345993
-0.06454732269048691
0.08061416447162628
0.0950544998049736
-0.1226850226521492
-0.02791963703930378
0.05148974061012268
0.19228221476078033
-0.16071560978889465
0.007431195117533207
-0.08239279687404633
0.0932135060429573
0.148342102766037
0.04675433412194252
0.05186228081583977
0.05351024121046066
0.07922188192605972
0.018428128212690353
0.10045696794986725
0.09370626509189606
0.019458873197436333
-0.0028587558772414923
-0.014978013001382351
0.08219368755817413
0.001486448454670608
-0.026605715975165367
0.00035689675132744014
-0.01716630719602108
-0.009523209184408188
-0.016935810446739197
0.10770796239376068
-0.04570765793323517
0.019415447488427162
-0.07582784444093704
-0.01909990981221199
0.08615080267190933
0.05497456714510918
0.10139472782611847
0.07403573393821716
-0.19534461200237274
0.0419759638607502
0.05651860684156418
-0.009003614075481892
0.16563327610492706
-0.15612223744392395
0.05682250112295151
-0.016229812055826187
0.04999377578496933
0.10942278802394867
0.00847097858786583
0.02259514294564724
-0.013894230127334595
0.20157036185264587
0.2097630351781845
-0.01951422169804573
-0.018313201144337654
-0.03850185498595238
0.040948621928691864
0.013377388939261436
-0.06715128570795059
0.1293657124042511
-0.040202122181653976
0.10448514670133591
0.14906080067157745
0.1143374815583229
-0.16208262741565704
0.04914861172437668
0.0017247191863134503
0.167866051197052
0.07024622708559036
-0.11256646364927292
-0.01709730364382267
-0.08407117426395416
0.03967069461941719
0.1949157416820526
0.006892174482345581
-0.042963843792676926
0.005512875970453024
0.03194538131356239
0.040003035217523575
-0.01402759924530983
0.07462295889854431
-0.03911063075065613
0.10580282658338547
-0.05550689995288849
0.024132641032338142
0.1001734733581543
0.04216685891151428
0.01647804118692875
-0.02921573631465435
0.001512556103989482
-0.045549117028713226
0.05172223970293999
0.06644126027822495
-0.01573599874973297
-0.08835925906896591
-0.014894871972501278
-0.03195829689502716
-0.031190771609544754
0.1044744923710823
0.1307152807712555
-0.04169989004731178
-0.07515779137611389
-0.03727232664823532
0.06952475011348724
-0.017819589003920555
-0.0019277202663943172
-0.15892444550991058
-0.1050591766834259
0.03905607759952545
-0.08415556699037552
0.044215645641088486
0.053886979818344116
-0.07376474142074585
-0.10033421963453293
0.014762134291231632
-0.06912484765052795
0.025445004925131798
0.10098452121019363
0.000407224491937086
-0.03206335008144379
0.07370930910110474
0.05855366587638855
-0.0006533142877742648
0.01478106714785099
-0.0896531417965889
0.1939849555492401
-0.03957159072160721
-0.01633027195930481
0.05968477204442024
0.008925631642341614
-0.011025907471776009
-0.031409479677677155
-0.020563829690217972
-0.024753684177994728
0.03585166111588478
-0.026341110467910767
-0.16738201677799225
-0.06867609918117523
0.017570119351148605
-0.06723567098379135
0.12551966309547424
-0.1076195240020752
0.038713254034519196
-0.043797027319669724
0.07287990301847458
0.10800822824239731
0.06654864549636841
-0.11381398886442184
0.05242815241217613
0.01881886087357998
-0.014019304886460304
0.034372828900814056
-0.07327492535114288
0.049000248312950134
-0.017345916479825974
0.0308174230158329
0.02655317261815071
0.1435888707637787
0.07269848138093948
-0.14131933450698853
-0.13255614042282104
0.02534150332212448
0.17708896100521088
-0.07543639838695526
0.0034774169325828552
-0.05284765735268593
-0.11815503239631653
0.045204926282167435
0.019306689500808716
-0.005183720029890537
0.10800120234489441
0.006760733667761087
-0.08698201924562454
0.00626834761351347
-0.1365060657262802
0.0017795476596802473
-0.05006515979766846
-0.2291264533996582
0.009363245218992233
0.08550752699375153
-0.038767192512750626
-0.06430970132350922
-0.1437583863735199
-0.017989512532949448
-0.02376885898411274
-0.23409070074558258
-0.007285471074283123
0.13868847489356995
-0.016310488805174828
0.018402231857180595
-0.016432058066129684
